%YAML:1.0
---
depthShift: -2.6983652508927367e+01
