%YAML:1.0
---
cameraMatrix: !!opencv-matrix
   rows: 3
   cols: 3
   dt: d
   data: [ 1.0598003344155577e+03, 0., 9.7641137688393496e+02, 0.,
       1.0582643592518468e+03, 5.3977375791927523e+02, 0., 0., 1. ]
distortionCoefficients: !!opencv-matrix
   rows: 1
   cols: 5
   dt: d
   data: [ 9.6313017721466235e-02, -1.6931965303664437e-01,
       -7.5311602043927459e-04, -1.5482395918604891e-03,
       7.9214789837676672e-02 ]
rotation: !!opencv-matrix
   rows: 3
   cols: 3
   dt: d
   data: [ 1., 0., 0., 0., 1., 0., 0., 0., 1. ]
projection: !!opencv-matrix
   rows: 4
   cols: 4
   dt: d
   data: [ 1.0598003344155577e+03, 0., 9.7641137688393496e+02, 0., 0.,
       1.0582643592518468e+03, 5.3977375791927523e+02, 0., 0., 0., 1.,
       0., 0., 0., 0., 1. ]
