%YAML:1.0
---
cameraMatrix: !!opencv-matrix
   rows: 3
   cols: 3
   dt: d
   data: [ 3.6029376978916616e+02, 0., 2.4719220121737845e+02, 0.,
       3.5835429232407603e+02, 2.0171962345029513e+02, 0., 0., 1. ]
distortionCoefficients: !!opencv-matrix
   rows: 1
   cols: 5
   dt: d
   data: [ 1.1762633181668801e-02, -7.9249133394153154e-02,
       -3.5933189541844275e-03, -6.2171060581454442e-03,
       -1.4386326361201785e-02 ]
rotation: !!opencv-matrix
   rows: 3
   cols: 3
   dt: d
   data: [ 1., 0., 0., 0., 1., 0., 0., 0., 1. ]
projection: !!opencv-matrix
   rows: 4
   cols: 4
   dt: d
   data: [ 3.6029376978916616e+02, 0., 2.4719220121737845e+02, 0., 0.,
       3.5835429232407603e+02, 2.0171962345029513e+02, 0., 0., 0., 1.,
       0., 0., 0., 0., 1. ]
