%YAML:1.0
---
rotation: !!opencv-matrix
   rows: 3
   cols: 3
   dt: d
   data: [ 9.9980144239380975e-01, -1.5244296728868689e-03,
       -1.9868364337055192e-02, 1.3486049210386444e-03,
       9.9995984109617919e-01, -8.8598792131120100e-03,
       1.9881072708093365e-02, 8.8313254427863763e-03,
       9.9976334731720340e-01 ]
translation: !!opencv-matrix
   rows: 3
   cols: 1
   dt: d
   data: [ -5.0117693240697543e-02, 5.3229101504834978e-04,
       3.9900710558729889e-03 ]
essential: !!opencv-matrix
   rows: 3
   cols: 3
   dt: d
   data: [ 5.2014869107968880e-06, -3.9852099838090550e-03,
       5.6751659455837899e-04, 4.9856723001958335e-03,
       4.3652307673583516e-04, 5.0026556568667731e-02,
       -5.9977429235411517e-04, -5.0114869128857022e-02,
       4.5461246037270195e-04 ]
fundamental: !!opencv-matrix
   rows: 3
   cols: 3
   dt: d
   data: [ 4.7908370892725873e-09, -3.6904493091037767e-06,
       9.3158165914985092e-04, 4.5987256896049831e-06,
       4.0482294925707630e-07, 1.5406933207049098e-02,
       -3.0724073390562710e-03, -4.5798531935895108e-02, 1. ]
